# Epilepsy data: 10 actives followed by 12 placebos
# followup T_i
12  5  7 14 10 10 12  8 11  8 11 11  8 16 11  7 15  9  7  4  6  4
# number of events n_i
 3  2  4  3  5  2  1  3  3  3  4  7  6  8 11  8  7  7  4  2  6  1
# times of events:  
# active group: t1
  2.6  3.3  7.2  3.5  4.4  1.5  1.6  2.2  6.1 12.1 12.4 13.4  0.7  2.6  3.9
  6.9  7.8  5.3  6.3 10.2  0.2  3.2  7.7  0.1  2.0  3.2  0.1  3.2  3.7
# placebo: t2
  2.3  7.9  8.0  8.8  5.1  5.2  6.1  6.5  7.9  9.9 10.9  0.5  0.8  1.9  2.7
  5.4  7.2  1.4  4.3  5.0  6.0  7.8  8.4  9.2 11.2  0.3  0.3  1.9  1.9  2.7
  3.1  3.9  5.3  7.0  8.8 10.1  1.2  2.6  3.5  4.7  5.3  5.7  5.9  6.1  0.8
  1.5  4.3  4.4  5.1 12.1 14.0  0.1  0.1  1.0  3.6  5.4  6.3  8.7  0.9  2.2
  5.2  6.6  2.2  3.2  0.5  1.3  1.3  1.7  2.9  5.6  1.4